010207
040296
010291
010214
010150
040280
090049
060017
010098
120043
110024
020084
040282
150002
090027
040419
040240
110014
070002
020139
040527
020172
090062
040239
040564
130025
020218
140012
040170
040084
050021
040434
010092
060049
040231
010215
040189
020032
040429
010221
010110
090033
070005
040292
040515
040247
010265
010165
140011
050039
020027
110030
040038
040031
130044
020244
010350
040418
010162
090041
040229
020144
040487
050031
020041
050018
010187
030053
050001
040228
020046
060013
040307
010349
040558
120045
040513
070018
130015
040435
040134
010181
040351
150040
010213
010240
050118
040079
040379
020093
080009
030057
050097
030039
040427
040049
040297
070031
020060
130042
050142
040381
050057
020222
010228
040005
020119
110022
020018
010202
020079
020197
010331
030061
040442
010204
040227
070015
040428
040199
040432
040500
040336
010082
140010
020066
050131
040360
040310
120010
110047
050096
020120
020156
040012
010210
050146
040144
040175
050078
050054
010176
010225
040473
020051
050033
010103
050040
040544
040066
040560
010235
010058
020234
030016
050050
010302
020213
040346
050128
040550
040554
010317
010018
050166
020098
090044
050122
140033
010043
140026
120006
040077
060001
040390
010120
040485
010324
040118
020117
040553
130036
010100
040322
060023
150031
010109
130006
090051
010186
040174
040300
050026
150050
010323
050107
010065
010135
150056
090047
010336
090034
060007
010142
120042
010260
040388
040259
040190
130003
040491
040443
010006
030056
040413
150009
010055
020044
080001
010274
140050
040094
020134
010161
050124
120030
070037
040493
040025
110008
040197
130037
040210
130031
010115
030058
050139
040147
030008
010124
140039
020065
050116
020202
050017
020112
020242
040557
010175
040426
040440
020164
040545
010121
040374
040326
050041
040187
060033
010089
060064
030024
040320
040398
040532
040122
040471
150015
050003
040044
020124
020157
040254
040138
010355
040354
150036
040525
020058
020195
120024
080008
060014
110042
060015
010261
020175
040497
010085
150032
050067
010009
040373
090032
050145
150034
060018
050130
140014
040250
010158
110012
110006
040145
040402
040143
040511
150033
040195
010211
040536
050053
010156
140028
090003
040367
040202
040013
020057
010173
040153
040345
030004
060043
040448
050008
120034
030069
130048
040016
040020
040051
040298
020146
020226
080043
010049
010255
010076
040342
040056
040097
010116
020237
090029
040449
010079
040394
110031
040131
040034
020116
120047
050068
030043
020140
010111
040425
020177
010075
040283
020147
040045
040353
040261
020211
010328
040007
090043
040444
010146
010061
010304
030059
010159
030046
050076
020240
130021
040037
040311
080016
040334
040208
010172
040209
090012
010099
040165
050172
040186
040215
010295
040032
020193
040417
040531
080037
040318
010048
050015
080019
140036
040366
150019
110038
020072
010027
110016
040329
110045
070050
050109
010327
040218
050133
040481
020126
040093
040421
020145
120020
080004
060060
020143
020090
040431
010029
040163
030063
040337
120027
020153
130027
080003
050144
110046
130012
020198
140004
010130
030051
040465
010272
050137
110025
040072
050111
040078
040474
010220
020221
080034
040308
030028
050138
010338
050132
030013
010212
040289
050071
020103
150014
020036
070032
050112
010170
010125
110011
040136
060042
040087
040193
080015
050156
040412
020135
050023
020214
150039
040101
010068
140003
060050
010197
040027
010300
010073
040436
040266
040498
120036
010232
010034
010126
050121
080005
010248
010088
040270
040313
120007
010174
010249
050043
020151
040328
040496
040546
040317
020152
060027
140005
060057
090053
020180
130016
150051
040022
010147
010066
040278
010131
040534
150026
010346
040464
040026
040212
030040
140001
010054
040100
040548
040368
040349
020201
030010
050034
010112
130047
020220
050086
070049
040148
020224
010030
030007
020230
010063
020083
040162
150045
040339
040255
040399
070026
040438
040236
020206
040430
040216
020137
040076
020034
040224
070001
010014
050098
050066
020082
010348
130034
040453
150042
020002
150028
020097
090039
030027
020008
060028
010119
050129
040521
040522
020012
040291
040180
010262
010325
040501
040130
150025
050136
120031
010322
040158
040400
030020
010072
040003
120009
010345
140042
010050
040124
040083
090030
020178
020015
010071
040530
060046
140006
060037
010046
020142
080007
010281
080045
070016
070029
140049
140007
010080
050154
040369
010113
020104
010005
020105
040125
010313
080014
040475
020190
050080
050164
080033
040061
010077
040502
090066
040441
040535
050038
010183
050101
020113
150003
090060
040551
010141
050160
040157
050056
040295
020167
040272
020236
030032
040151
090040
080006
050064
040332
070010
010184
030014
030025
040201
020040
020205
080011
040205
010136
040221
060002
010264
140035
050102
040459
040301
020159
110023
130033
010250
040542
040253
040559
040347
150006
030034
040191
060003
010118
020233
010254
020031
020101
040154
070046
040257
010251
010341
010192
040241
090001
040539
050037
070007
010266
040520
010318
010151
010334
040350
080024
060005
020225
020111
010326
120048
020080
010101
010179
080042
120049
040352
110005
010347
090016
010277
130046
030029
040179
040233
040403
020196
040116
010273
040404
050150
040552
040126
050035
050079
150007
020019
010337
040073
040547
040111
010078
040293
090036
060053
040460
020061
010152
090046
030022
130011
030003
050141
010191
080041
010223
040152
010137
040285
010052
050163
020181
050155
040010
010305
060020
040437
010129
040246
010154
090059
010229
140031
060029
040121
150027
040470
040068
020231
110003
020200
060055
010056
010280
050052
040119
040357
020096
020212
120033
040023
060009
010307
040294
010306
040537
050119
120022
130019
060012
040517
040506
030011
120039
050044
040355
150055
140017
050004
090024
030036
050059
050007
050108
010032
010284
040103
020108
120011
050075
040070
040268
040243
040039
110039
020179
010036
140038
040420
050065
040256
050148
080047
040260
010219
040507
010134
050149
020184
040237
090011
040284
010359
050084
010287
020085
050013
010206
050178
020171
040405
040457
130002
050045
040273
040303
050074
040098
010114
020045
080049
050022
120012
040287
020016
040033
040480
070039
040264
150029
040299
040088
060039
020238
070030
050140
010200
020068
020054
040099
130018
040389
010143
140022
020075
040211
040171
040161
050042
110001
120008
050171
010239
010301
060045
050126
150022
010067
010268
040454
010001
010237
040516
040017
090008
040370
130017
020149
040185
110007
040008
040029
050049
070047
020087
010201
090023
040181
020063
010351
110048
110037
020161
040071
010023
060035
130014
040463
040146
010356
020025
040188
040164
040364
010319
080044
040112
070003
040113
020207
050027
040009
020229
050089
130039
010160
020158
020102
010167
110050
040529
010022
050061
020247
010083
040333
020136
040128
150041
030067
020232
080030
130041
080002
040483
030052
020127
020022
110004
020215
020241
040335
040543
040002
040512
130038
040267
040286
040249
010344
050029
030047
030017
120046
010216
020163
050123
090018
040327
010218
040169
040060
030001
110002
040490
130026
090007
020029
130007
020122
150012
070023
040001
020114
090020
020189
020023
040503
040176
120013
090064
030009
090058
010196
010333
080023
010095
150011
060058
120004
110027
010321
020050
090050
010171
050082
060026
050157
150004
120019
040518
020010
010329
040484
050170
040387
020001
050020
150047
020037
140015
040173
040184
040048
010208
040378
050152
030054
080017
040050
020064
040510
040150
040014
010234
010185
070027
040566
020204
070035
090014
010057
040198
030049
130049
020245
140040
090065
040505
120025
010069
010222
020042
040107
020092
010166
040214
040391
040341
050161
040092
020132
020089
020049
130055
050093
120035
020154
070028
050169
050083
010011
040396
110033
080046
040046
130005
060011
040565
110017
010267
040235
010292
060059
030021
020246
140043
130009
120003
040450
140032
040562
040365
080018
010242
050135
010003
040140
050005
020074
040372
040401
030035
040439
020011
010335
010108
020081
080020
020030
050103
110028
040204
040356
030065
140025
010026
030048
120017
030018
010354
150030
040106
050077
010139
050028
150053
010209
060048
040533
020203
020121
090010
010157
070038
110041
020014
040348
090038
040102
040414
010203
040499
010013
020073
030038
040059
060006
020187
010031
040074
020107
040114
020150
060024
040030
150005
110044
040472
010015
030042
040277
010253
150049
070013
110010
040040
010188
140021
020228
040302
050069
070025
010316
040200
110034
080029
070019
150017
040422
070034
060040
150023
020086
040053
090037
010090
040252
050090
050173
060052
130004
010138
040323
090056
040137
010180
140013
140018
040489
040556
050006
090021
020007
050175
020095
050162
020173
040523
020017
030045
030062
020013
120005
050115
010276
010140
040063
010259
040319
140023
090035
040265
050094
040166
040196
040371
010097
020024
020219
130045
060016
050120
090031
050032
140009
120016
010279
010189
020208
120018
040225
040105
020047
020059
150021
020009
040238
040219
040004
030033
020170
090004
050072
120044
010252
030041
040213
050081
010168
060041
040288
040110
040304
050002
040528
120026
040561
140019
070012
040086
080025
010094
040104
130023
010362
090048
140048
040477
110040
110019
060019
020141
010047
020123
010070
010064
020191
040021
040392
140020
130029
040393
010194
010236
040478
070017
040203
050134
120050
040281
070022
040314
050046
070048
040052
060062
040139
040117
040486
150010
110049
010149
040456
040363
010144
050151
010007
010293
040495
010045
090057
040309
120015
010059
020210
130028
130040
120023
020235
010128
150043
040262
040469
040028
060054
040519
010357
070043
090017
150048
020067
010361
150035
010178
040167
040275
020168
090022
020165
050104
040115
010297
010227
040065
150038
010258
050106
040455
010312
010290
130010
010360
010269
150001
010340
050048
020020
010245
010289
020003
050168
040142
040058
150018
040062
010226
040080
040410
090061
040064
040415
040276
020094
010308
050165
040312
010106
120028
020052
040095
090019
010148
040488
040159
030026
040383
010037
010145
040461
070033
010012
020129
040362
050147
120032
010352
080022
060004
040451
040555
010299
060044
010096
010051
010155
110021
010105
040330
020069
060063
010311
120041
010093
060032
010303
040149
040248
020155
040182
050019
010288
020062
010086
040408
030044
130032
040290
040549
020183
040127
050060
110035
010230
040492
110015
050153
130024
040514
040245
110032
010060
040192
080027
040568
040042
040411
010320
040234
010039
120021
130020
040082
010332
050167
070040
010028
010104
040462
040395
040230
010330
060021
020021
020039
010163
030006
030030
040054
010035
140002
040384
010042
020028
010102
040129
150024
040019
020115
130030
050030
020076
040458
010010
040090
010002
050095
040274
020186
020188
020239
150052
040015
020048
020006
110026
010282
080036
090013
020106
040526
090063
